Timestamp,Message
34594,"or buy the ancient shield and just hold L, it'll automatically deflect the lazers wtihout breaking."
